[1 samples from mcmc run generated by language trees. File written 10-Aug-2016 11:43:58]
[For associated trees see same file with .nex extension]
[    Sample   log prior      integrated llkd   root time           mu           p            lambda       kappa           rho              ncat      log likelihood        beta ]
         1         -2.72859      -4867.98861   1035.84975      0.001000000  1.000000000      1.000000000  0.500000000  0.000150000           0      -3018.05920      0.001000000  
         2         -5.95037      -3946.26678   1834.33883     -7.085524705  1.000000000      1.000000000  0.401646973  0.000150000           0      -4429.17917     -6.623726919  
         3         -2.52533      -3672.63665   1691.45122     -7.159277323  1.000000000      1.000000000  0.335637578  0.000150000           0      -4224.33883     -6.570697486  
         4         -4.26603      -3634.89365   1870.37362     -7.234362764  1.000000000      1.000000000  0.335637578  0.000150000           0      -5275.28683     -6.538585363  
         5         -3.66996      -3556.61042   1389.73182     -7.642141450  1.000000000      1.000000000  0.411508295  0.000150000           0      -4953.53699     -7.220510363  
         6         -0.45384      -3553.83701    846.84444     -7.171357435  1.000000000      1.000000000  0.514525384  0.000150000           0      -2454.31684     -6.798531809  
         7         -1.02831      -3545.23499    910.83654     -7.200079205  1.000000000      1.000000000  0.932758944  0.000150000           0      -2920.36564     -7.004789069  
         8         -1.81076      -3541.05198   1209.69804     -7.672038155  1.000000000      1.000000000  0.867561441  0.000150000           0      -4965.58065     -7.302412226  
         9         -2.24159      -3541.11190   1296.64216     -7.799360634  1.000000000      1.000000000  0.684973256  0.000150000           0      -5566.06542     -7.916672405  
        10         -1.54515      -3540.93500   1160.76761     -7.661929706  1.000000000      1.000000000  0.638917852  0.000150000           0      -4693.92529     -7.779241477  
        11         -3.00290      -3540.20258   1467.87165     -7.902959102  1.000000000      1.000000000  0.343372901  0.000150000           0      -6591.42214     -7.807446406  
